  0  3  2  3  2  3  4  5  4  5  6  7  6  7  8  9  8  9 10 11 10 11 12 13 12 13 14 15 14 15 16 17 16 17 18 19 18 19 20 21 20 21 22 23 22 23 24 25 24 25
  3  2  1  2  3  4  3  4  5  6  5  6  7  8  7  8  9 10  9 10 11 12 11 12 13 14 13 14 15 16 15 16 17 18 17 18 19 20 19 20 21 22 21 22 23 24 23 24 25 26
  2  1  4  3  2  3  4  5  4  5  6  7  6  7  8  9  8  9 10 11 10 11 12 13 12 13 14 15 14 15 16 17 16 17 18 19 18 19 20 21 20 21 22 23 22 23 24 25 24 25
  3  2  3  2  3  4  3  4  5  6  5  6  7  8  7  8  9 10  9 10 11 12 11 12 13 14 13 14 15 16 15 16 17 18 17 18 19 20 19 20 21 22 21 22 23 24 23 24 25 26
  2  3  2  3  4  3  4  5  4  5  6  7  6  7  8  9  8  9 10 11 10 11 12 13 12 13 14 15 14 15 16 17 16 17 18 19 18 19 20 21 20 21 22 23 22 23 24 25 24 25
  3  4  3  4  3  4  5  4  5  6  5  6  7  8  7  8  9 10  9 10 11 12 11 12 13 14 13 14 15 16 15 16 17 18 17 18 19 20 19 20 21 22 21 22 23 24 23 24 25 26
  4  3  4  3  4  5  4  5  6  5  6  7  6  7  8  9  8  9 10 11 10 11 12 13 12 13 14 15 14 15 16 17 16 17 18 19 18 19 20 21 20 21 22 23 22 23 24 25 24 25
  5  4  5  4  5  4  5  6  5  6  7  6  7  8  7  8  9 10  9 10 11 12 11 12 13 14 13 14 15 16 15 16 17 18 17 18 19 20 19 20 21 22 21 22 23 24 23 24 25 26
  4  5  4  5  4  5  6  5  6  7  6  7  8  7  8  9  8  9 10 11 10 11 12 13 12 13 14 15 14 15 16 17 16 17 18 19 18 19 20 21 20 21 22 23 22 23 24 25 24 25
  5  6  5  6  5  6  5  6  7  6  7  8  7  8  9  8  9 10  9 10 11 12 11 12 13 14 13 14 15 16 15 16 17 18 17 18 19 20 19 20 21 22 21 22 23 24 23 24 25 26
  6  5  6  5  6  5  6  7  6  7  8  7  8  9  8  9 10  9 10 11 10 11 12 13 12 13 14 15 14 15 16 17 16 17 18 19 18 19 20 21 20 21 22 23 22 23 24 25 24 25
  7  6  7  6  7  6  7  6  7  8  7  8  9  8  9 10  9 10 11 10 11 12 11 12 13 14 13 14 15 16 15 16 17 18 17 18 19 20 19 20 21 22 21 22 23 24 23 24 25 26
  6  7  6  7  6  7  6  7  8  7  8  9  8  9 10  9 10 11 10 11 12 11 12 13 12 13 14 15 14 15 16 17 16 17 18 19 18 19 20 21 20 21 22 23 22 23 24 25 24 25
  7  8  7  8  7  8  7  8  7  8  9  8  9 10  9 10 11 10 11 12 11 12 13 12 13 14 13 14 15 16 15 16 17 18 17 18 19 20 19 20 21 22 21 22 23 24 23 24 25 26
  8  7  8  7  8  7  8  7  8  9  8  9 10  9 10 11 10 11 12 11 12 13 12 13 14 13 14 15 14 15 16 17 16 17 18 19 18 19 20 21 20 21 22 23 22 23 24 25 24 25
  9  8  9  8  9  8  9  8  9  8  9 10  9 10 11 10 11 12 11 12 13 12 13 14 13 14 15 14 15 16 15 16 17 18 17 18 19 20 19 20 21 22 21 22 23 24 23 24 25 26
  8  9  8  9  8  9  8  9  8  9 10  9 10 11 10 11 12 11 12 13 12 13 14 13 14 15 14 15 16 15 16 17 16 17 18 19 18 19 20 21 20 21 22 23 22 23 24 25 24 25
  9 10  9 10  9 10  9 10  9 10  9 10 11 10 11 12 11 12 13 12 13 14 13 14 15 14 15 16 15 16 17 16 17 18 17 18 19 20 19 20 21 22 21 22 23 24 23 24 25 26
 10  9 10  9 10  9 10  9 10  9 10 11 10 11 12 11 12 13 12 13 14 13 14 15 14 15 16 15 16 17 16 17 18 17 18 19 18 19 20 21 20 21 22 23 22 23 24 25 24 25
 11 10 11 10 11 10 11 10 11 10 11 10 11 12 11 12 13 12 13 14 13 14 15 14 15 16 15 16 17 16 17 18 17 18 19 18 19 20 19 20 21 22 21 22 23 24 23 24 25 26
 10 11 10 11 10 11 10 11 10 11 10 11 12 11 12 13 12 13 14 13 14 15 14 15 16 15 16 17 16 17 18 17 18 19 18 19 20 19 20 21 20 21 22 23 22 23 24 25 24 25
 11 12 11 12 11 12 11 12 11 12 11 12 11 12 13 12 13 14 13 14 15 14 15 16 15 16 17 16 17 18 17 18 19 18 19 20 19 20 21 20 21 22 21 22 23 24 23 24 25 26
 12 11 12 11 12 11 12 11 12 11 12 11 12 13 12 13 14 13 14 15 14 15 16 15 16 17 16 17 18 17 18 19 18 19 20 19 20 21 20 21 22 21 22 23 22 23 24 25 24 25
 13 12 13 12 13 12 13 12 13 12 13 12 13 12 13 14 13 14 15 14 15 16 15 16 17 16 17 18 17 18 19 18 19 20 19 20 21 20 21 22 21 22 23 22 23 24 23 24 25 26
 12 13 12 13 12 13 12 13 12 13 12 13 12 13 14 13 14 15 14 15 16 15 16 17 16 17 18 17 18 19 18 19 20 19 20 21 20 21 22 21 22 23 22 23 24 23 24 25 24 25
 13 14 13 14 13 14 13 14 13 14 13 14 13 14 13 14 15 14 15 16 15 16 17 16 17 18 17 18 19 18 19 20 19 20 21 20 21 22 21 22 23 22 23 24 23 24 25 24 25 26
 14 13 14 13 14 13 14 13 14 13 14 13 14 13 14 15 14 15 16 15 16 17 16 17 18 17 18 19 18 19 20 19 20 21 20 21 22 21 22 23 22 23 24 23 24 25 24 25 26 25
 15 14 15 14 15 14 15 14 15 14 15 14 15 14 15 14 15 16 15 16 17 16 17 18 17 18 19 18 19 20 19 20 21 20 21 22 21 22 23 22 23 24 23 24 25 24 25 26 25 26
 14 15 14 15 14 15 14 15 14 15 14 15 14 15 14 15 16 15 16 17 16 17 18 17 18 19 18 19 20 19 20 21 20 21 22 21 22 23 22 23 24 23 24 25 24 25 26 25 26 27
 15 16 15 16 15 16 15 16 15 16 15 16 15 16 15 16 15 16 17 16 17 18 17 18 19 18 19 20 19 20 21 20 21 22 21 22 23 22 23 24 23 24 25 24 25 26 25 26 27 26
 16 15 16 15 16 15 16 15 16 15 16 15 16 15 16 15 16 17 16 17 18 17 18 19 18 19 20 19 20 21 20 21 22 21 22 23 22 23 24 23 24 25 24 25 26 25 26 27 26 27
 17 16 17 16 17 16 17 16 17 16 17 16 17 16 17 16 17 16 17 18 17 18 19 18 19 20 19 20 21 20 21 22 21 22 23 22 23 24 23 24 25 24 25 26 25 26 27 26 27 28
 16 17 16 17 16 17 16 17 16 17 16 17 16 17 16 17 16 17 18 17 18 19 18 19 20 19 20 21 20 21 22 21 22 23 22 23 24 23 24 25 24 25 26 25 26 27 26 27 28 27
 17 18 17 18 17 18 17 18 17 18 17 18 17 18 17 18 17 18 17 18 19 18 19 20 19 20 21 20 21 22 21 22 23 22 23 24 23 24 25 24 25 26 25 26 27 26 27 28 27 28
 18 17 18 17 18 17 18 17 18 17 18 17 18 17 18 17 18 17 18 19 18 19 20 19 20 21 20 21 22 21 22 23 22 23 24 23 24 25 24 25 26 25 26 27 26 27 28 27 28 29
 19 18 19 18 19 18 19 18 19 18 19 18 19 18 19 18 19 18 19 18 19 20 19 20 21 20 21 22 21 22 23 22 23 24 23 24 25 24 25 26 25 26 27 26 27 28 27 28 29 28
 18 19 18 19 18 19 18 19 18 19 18 19 18 19 18 19 18 19 18 19 20 19 20 21 20 21 22 21 22 23 22 23 24 23 24 25 24 25 26 25 26 27 26 27 28 27 28 29 28 29
 19 20 19 20 19 20 19 20 19 20 19 20 19 20 19 20 19 20 19 20 19 20 21 20 21 22 21 22 23 22 23 24 23 24 25 24 25 26 25 26 27 26 27 28 27 28 29 28 29 30
 20 19 20 19 20 19 20 19 20 19 20 19 20 19 20 19 20 19 20 19 20 21 20 21 22 21 22 23 22 23 24 23 24 25 24 25 26 25 26 27 26 27 28 27 28 29 28 29 30 29
 21 20 21 20 21 20 21 20 21 20 21 20 21 20 21 20 21 20 21 20 21 20 21 22 21 22 23 22 23 24 23 24 25 24 25 26 25 26 27 26 27 28 27 28 29 28 29 30 29 30
 20 21 20 21 20 21 20 21 20 21 20 21 20 21 20 21 20 21 20 21 20 21 22 21 22 23 22 23 24 23 24 25 24 25 26 25 26 27 26 27 28 27 28 29 28 29 30 29 30 31
 21 22 21 22 21 22 21 22 21 22 21 22 21 22 21 22 21 22 21 22 21 22 21 22 23 22 23 24 23 24 25 24 25 26 25 26 27 26 27 28 27 28 29 28 29 30 29 30 31 30
 22 21 22 21 22 21 22 21 22 21 22 21 22 21 22 21 22 21 22 21 22 21 22 23 22 23 24 23 24 25 24 25 26 25 26 27 26 27 28 27 28 29 28 29 30 29 30 31 30 31
 23 22 23 22 23 22 23 22 23 22 23 22 23 22 23 22 23 22 23 22 23 22 23 22 23 24 23 24 25 24 25 26 25 26 27 26 27 28 27 28 29 28 29 30 29 30 31 30 31 32
 22 23 22 23 22 23 22 23 22 23 22 23 22 23 22 23 22 23 22 23 22 23 22 23 24 23 24 25 24 25 26 25 26 27 26 27 28 27 28 29 28 29 30 29 30 31 30 31 32 31
 23 24 23 24 23 24 23 24 23 24 23 24 23 24 23 24 23 24 23 24 23 24 23 24 23 24 25 24 25 26 25 26 27 26 27 28 27 28 29 28 29 30 29 30 31 30 31 32 31 32
 24 23 24 23 24 23 24 23 24 23 24 23 24 23 24 23 24 23 24 23 24 23 24 23 24 25 24 25 26 25 26 27 26 27 28 27 28 29 28 29 30 29 30 31 30 31 32 31 32 33
 25 24 25 24 25 24 25 24 25 24 25 24 25 24 25 24 25 24 25 24 25 24 25 24 25 24 25 26 25 26 27 26 27 28 27 28 29 28 29 30 29 30 31 30 31 32 31 32 33 32
 24 25 24 25 24 25 24 25 24 25 24 25 24 25 24 25 24 25 24 25 24 25 24 25 24 25 26 25 26 27 26 27 28 27 28 29 28 29 30 29 30 31 30 31 32 31 32 33 32 33
 25 26 25 26 25 26 25 26 25 26 25 26 25 26 25 26 25 26 25 26 25 26 25 26 25 26 25 26 27 26 27 28 27 28 29 28 29 30 29 30 31 30 31 32 31 32 33 32 33 34
1. 8
